+79031280318
+79219152878
+79032217031
+79275067769
+79168418781
+79166510632
+79255074062
+79023620323
+79166166340
+79089052481
+79151350699
+73432195717
+79038254797
+79163096968
+79165160272
+79270271137
+79265282325
+79165222809
+79260835299
+79262627120
+79852827497
+79053650677
+79268428798
+79163908940
+74953533504
+79096896604
+73902234169
+79832779893
+79022574774
+79122659939
+79035661206
+74955986502
+79119391701
+79163126182
+79162613643
+79252294056
+79033731112
+79033155891
+79067003416
+79163453826
+79500359087
+79033161787
+79169900864
+79101608002
+79885187194
+79119765700
+79213368398
+79610274787
+79109775050
+79167597179
+74996192173
+18186679019
+79036107952
+79217660776
+74953438516
+79168009529
+79853045683
+79033425678
+79172994889
+79175486593
+79281135850
+79286222307
+79055012902
+79015128455
+79616716138
+79262314944
+79266606112
+79055942816
+79166836855
+79153326155
+79213473362
+79166005905
+79111429107
+79131544349
+79162975058
+79169112976
+79266034013
+30994442682
+79852177799
+79162213380
+79636187508
+79103292070
+79375513415
+79275159323
+79037146413
+79109732838
+79256423543
+79166592828
+79262338062
+30955109990
+79296060708
+79296060718
+79625846775
+79219065516
+79032087385
+79616730998
+79375574140
+79055541597
+79137633805
+79134557257
+79629947454
+79031497987
+79261171787
+79105120241
+79605426861
+79161426761
+79081061271
+79112222334
+79119766780
+79179706702
+79033731678
+79033720403
+79164542632
+79037365612
+79031014649
+79261415562
+79637579794
+79160778286
+79265756285
+79045884307
+79262096873
+79057503509
+79629327807
+79612922158
+79054798859
+79154003766
+79164608045
+79671687821
+79213459897
+79817673509
+79200397610
+79160333316
+79260264346
+79165850343
+79166473703
+79686413787
+79103449333
+79197284902
+79150458157
+79210965613
+79162813589
+79221029360
+30501647556
+79265501865
+79040498921
+79519095497
+79126151550
+30679780328
+79219603240
+79214041203
+79161093307
+79168595395
+79055943021
+79195479464
+79167084277
+79151613629
+79061660004
+79258005303
+30638977070
+74957763550
+79037939600
+79048939041
+79286322696
+79614575997
+79267292067
+79055956160
+74953070552
+79515637888
+79226031216
+79258497140
+73519012441
+30637516999
+79636560059
+79627144229
+79263385503
+79169007050
+79110106960
+79266658579
+79263742584
+79035626076
+79064071642
+79859288837
+79152830888
+79219758689
+79219758689
+79161231563
+79169371990
+79852005070
+79167923708
+30664748007
+79107378809
+79219346467
+79219473376
+79175434505
+79161773676
+79627231875
+79122503725
+79261626443
+79166171785
+79857845523
+30996045787
+79037552263
+79169218180
+74954262136
+79258928909
+79097399986
+79129919886
+79037970322
+79164197259
+79046491494
+79816997761
+79853107523
+79853106275
+79629094356
+79061675787
+79688677168
+79102408555
+79651124071
+79265882853
+79289098333
+79060769396
+79030080065
+79161083930
+79161351804
+74957157386
+79243071307
+79296582842
+79119337401
+79818283336
+79261768359
+79266032780
+79154277517
+79091611100
+79500466878
+79122109194
+79122507265
+79605317495
+74955127550
+79036756147
+79882484035
+79037167050
+79061151295
+79060684231
+30503013820
+30931496865
+79266038319
+79197842008
+79030559171
+79152428138
+79161359079
+79122235619
+79045423556
+79163344456
+79854103197
+79268555623
+79037476283
+79265685313
+79153587762
+79854133504
+79032731825
+79056356230
+79057266527
+79857820300
+79295204094
+79262940015
+79265863239
+79032068651
+79165137086
+79164661718
+79181819183
+48783490345
+79608678540
+79610781348
+79067533132
+74954354083
+79037813545
+79030043703
+79203563619
+79262256956
+79263706260
+79163095000
+79651307718
+79625110540
+79152853511
+79165597790
+74954221141
+79037923534
+30985310840
+79165904301
+79104047232
+79155884151
+79035293299
+79168094699
+79222605401
+79266855699
+79037551519
+79119144769
+79163173478
+30936846085
+79161869520
+79267310219
+79166451531
+79029170435
+79166170317
+79263012107
+79201033082
+30672516037
+74952238704
+79031489964
+79086578300
+79129252946
+79162334105
+79039652946
+79056551289
+79031541877
+79168335546
+79062444608
+79037184875
+79267188453
+79022795509
+79160890586
+79104641747
+79036853813
+79215833428
+79639618694
+79266867892
+30678951607
+79154601217
+79137852610
+79109879530
+79215944655
+79031370451
+79275159323
+74953952012
+79253239220
+79190570318
+79154320634
+79031393404
+79096958877
+79262902937
+79153125472
+74953795467
+79167405615
+79525219175
+79035790039
+79151676342
+79033750709
+30509502511
+79199808278
+79099827060
+79161471504
+79058570071
+79104510628
+79154163080
+79091599917
+79050638474
+79173475503
+79095065826
+79151361722
+79036822347
+79057317049
+79161822299
+79162304493
+79101892087
+79037524135
+79052018550
+74955009418
+79032024364
+79221012200
+79265881654
+79037098606
+79099590826
+79099590825
+79883541252
+78129381597
+79031840498
+79060336314
+79154978363
+74953902486
+79636431867
+79031743772
+79036922238
+79037240008
+79163640390
+79163640385
+79043250632
+79179030652
+79872528873
+79037904938
+30999083024
+79096958877
+79119097882
+79522675211
+79167999786
+79670691043
+16042272767
+79152671127
+79150750860
+79104272352
+79268695986
+79851885519
+79263767165
+79161049064
+79062516351
+79637784670
+79192060146
+79150244021
+79215681222
+79262096213
+74991733983
+79169178561
+74992543602
+79035556560
+79050156028
+78412699193
+79269724178
+79163213273
+79175332884
+79109753555
+79056309761
+79109775050
+79806529056
+79028143822
+79218820171
+79851331900
+79168082815
+79852177733
+79536122536
+79165905608
+79645543285
+79055496964
+79193193634
+30503616971
+30567655432
+79134613192
+79134710161
+79037922746
+79037649877
+79278471002
+79373965779
+30501415583
+30633491833
+79104742966
+79053900206
+79023640201
+79043837443
+79219959931
+79896360961
+79134901749
+79159617310
+79265105053
+79037167509
+79266681885
+79161423418
+79164675969
+79857888920
+79104532687
+79163237321
+79163237155
+79636419710
+79851607396
+79055833646
+79168154574
+79261010992
+79221599730
+73433624083
+79161851065
+79212734041
+79885664292
+79221009851
+79150516478
+79166122396
+79108703962
+79608866720
+79169955404
+79262758751
+79031156628
+79165101001
+79169352585
+79258590887
+79169238097
+79032331772
+79164257777
+79168054505
+79853002834
+79055530398
+79165745484
+79161780196
+79166168200
+79099469195
+79133634108
+79262184908
+79153604930
+79057435886
+79168456467
+79161613673
+79523562202
+79213008002
+79153587691
+79036218397
+74959056982
+79520341634
+79062181056
+79062181055
+79645577304
+74957500109
+79261306312
+30638056123
+79037433143
+79037805624
+74957062418
+79160715028
+74997960385
+79164090623
+79167008720
+79162009654
+79859600189
+79269392213
+79054536985
+74991467689
+79629350721
+74954918551
+30958923020
+79051113639
+30508407656
+79296524347
+79647723498
+79163460724
+79085041560
+30989501638
+30935026848
+79851463640
+79262338062
+79854403784
+31603197696
+79266037838
+79165187361
+79104096504
+79296582636
+79172936176
+79168263579
+79111353317
+79168105432
+79516565741
+79167517736
+79257409828
+79167465185
+79161881352
+79151293836
+79154761992
+79851267807
+79031114039
+79165808718
+79049237600
+79200172570
+79856438085
+79160025006
+79160025008
+79257913114
+79260101463
+79260101462
+79265331914
+79104013403
+79160414325
+79209136096
+79137297471
+79034678601
+30669393136
+30509968652
+79104848153
+79127215850
+79616566009
+79193669326
+79853456485
+79038666649
+79859912232
+79067937273
+79040691805
+78314594033
+79036683837
+79060756707
+79099187158
+79152260025
+79161331994
+79099484288
+79629608681
+79055325032
+79192513015
+79219431465
+79104157928
+79150193440
+79119791876
+79182771000
+79262833668
+79163496876
+74957802781
+79160414325
+79161533598
+79104088507
+79117802286
+79614744034
+79167971464
+79167140972
+79152389449
+79103527191
+79803535806
+79216041069
+30951330915
+79067940040
+79817533135
+79035886653
+79687311943
+79262488788
+79268771909
+79651511118
+79125830299
+79166102645
+79266371116
+79882483047
+79141787026
+79126122578
+79028788610
+79035152551
+79161801954
+79117281209
+79163565548
+79653102039
+79112715507
+79257974102
+79166734919
+74999092487
+79067021875
+79226019310
+79811462787
+79652683910
+79859923352
+79168086643
+74991653432
+79222303526
+79227023257
+79169581828
+79818112999
+79523898025
+79151934718
+79261215555
+79091681868
+79112493404
+79255008197
+79262094914
+79151644834
+79511308808
+79102243384
+79222624820
+79323213258
+79166590815
+79262341839
+79088731255
+79032281413
+79032907614
+79119362860
+79119724244
+79057334528
+79032844284
+79216367882
+79013088931
+79221042229
+79217412775
+79673619959
+79600307826
+79262483187
+79099188552
+79262647696
+79165707492
+79232131216
+79126655020
+79161149934
+79037151608
+30938237699
+79197782891
+79126174379
+79163631587
+79851990888
+79213477536
+79472725875
+79608831456
+79061695457
+79265948564
+79169308161
+79166122614
+79853813826
+79139616887
+79136536264
+79152153856
+79167761315
+79162788569
+74991891958
+79166182298
+73512803518
+79026180510
+79166767564
+79175075110
+79161518827
+79111019388
+79112450109
+79177350257
+79177350255
+79153986867
+79103608131
+79032721122
+79037223402
+79857623513
+79032474677
+79267539123
+79269863018
+79269712820
+79268952261
+79262279831
+79055104058
+79161458367
+79032471101
+79104452882
+79859298108
+79169337152
+79267353497
+37126445545
+79193701882
+79166738112
+79030078269
+79260108944
+79851726756
+79153511713
+79826505350
+79126363964
+79162240034
+79167566180
+79296153773
+79629354363
+79629354363
+74952339141
+79629494357
+79035078640
+74991836672
+74957711037
+79250559506
+79262535756
+79035388359
+79031379279
+79122894399
+79275297346
+79214419186
+79168557930
+79093911834
+79166190996
+79672632310
+79099237889
+79035209629
+79163460079
+79096364242
+79215823774
+79163720371
+79055146106
+79266875892
+79688240903
+79268742116
+79165151682
+79031202310
+79165261589
+79036886559
+79035066568
+79161716805
+79219281357
+79261572371
+79261572374
+79037443553
+79163153104
+79152190779
+79031005304
+79037795275
+79166592828
+79256423543
+79166747954
+79037009205
+79169221755
+79067642210
+79654075057
+79258684123
+79857738218
+79258559911
+79857661191
+79636074087
+79168011935
+79166551100
+79252373099
+79263190330
+79055808059
+79023610104
+79031948308
+79262060561
+79258687072
+79031941433
+30503243748
+30503241574
+79166816985
+79857844412
+79055482260
+79165390159
+74992068324
+79257447512
+79629763270
+79119581297