78632451446
79091699253
79213368398
79036634990
79057441595
79154701030
79091699253
79032831971
79166946072
79056670930
79169889727
79161062927
79031409620
79091699253
79031852040
79629001306
79296282744
79204197255
79153454052
79036107952
79036107952
79268969997
79169889727
79055021722
79091699253
79161561778
79269223901
79107736899
79263407224
79268122785
79166153404
79169889727
79091699253
79106495998
79151553402
79255898767
79217955883
79091641034
79296282744
79163635216
79031852040
79268969997
79167966224
79166854534
79265755789
79032015362
79036858111
79262299223
79169429935
79169429935
79037789018
79168224967
79166153404
79035679198
79091699253
79169889727
79091699253
79185703651
79037434436
79268969997
79096790941
79162672616
79629001306
79067869135
79034708444
79104803565
79152596575
79169889727
79165656049
79268425579
79055212431
79036617910
79096696433
79152212025
79264584438
79150835393
79262114769
79168519313
79169889727
79161504836
79031275051
79091699253
79104047232
79854599416
79153454052
79651307718
79213368398
79104231257
79204197255
79152596575
79109183736
79206166210
79096696433
79629949894
79629001306
79104803565
79605188031
79031219620
79202979225
79601998514
79529007245
79037992408
79152295224
79204073797
79204073797
79032217031
79169889727
79168224967
79536162968
79166657095
79185703651
79161561778
79067391020
79854249501
79152596575
79111378835
79091699553
79629001306
79150507071
79152212025
79104803565
79031219620
79629001306
79091699253
79268136989
79168224967
79268425579
79169889727
79167338647
79032217031
79168082815
79167111204
79536162968
79036297701
79031409620
79168761389
79096925963
79208702876
79629001306
79169741047
79169889727
79034708444
79080950706
79031852040
79637816343
79037755143
79067391020
79066938206
79167338647
79150942366
79060696990
79510973627
79167992016
79055397656
79055397656
79055397656
79619788789
79036873918
79671234061
79267310219
79257446260
79200634902
79296282744
79126808421
79032015362
79168761389
79169889727
79260737878
79060696990
79096790941
79096790941
79096790941
79060696990
79168224967
79168224967
79096790941
79167992016
79037150447
79213870389
79175756244
79169889727
79104231257
79091699253
79213368398
79154701030
79057441595
79166888792
79803430115
79803430119
79060696990
79096790941
79060696990
79168224967
79168224967
79167992016
79055156383
79161699343
79031948308
79265634206
79031852040
79091699253
79109131345
79161795357
79034708444
79150507071
79161504836
79106495998
79165483807
79169889727
79167338647
79162672616
79036816183
79150942366
79091699253
79031409620
79168341868
79104771371
79636482550
79067391020
79824980404
79167111204
79213870389
79163322977
79032328082
79169889727
79629001306
79217540482
79169889727
79166153404
79169741047
79168519313
79101027232
79091699253
79106495998
79037996178
79166946072
79261016276
79153046440
79162663623
79857831269
79091699253
79036776733
79161561778
79031219620
79163729264
79036617910
79032982871
79031474275
79296282744
79163635216
79031852040
79055963922
79104803565
79161773676
79629001306
79169889727
79037630360
79057667662
79637816343
79163322977
79268425579
79168603950
79038742022
79269223901
79055212431
79163575727
79214204183
79031009003
79163820741
79031852040
79308085888
79200337210
79167966224
79268969997
79096790941
79162672616
79629001306
79067869135
79152596575
79169889727
79165656049
79268425579
79036617910
79096696433
79152212025
79264584438
79150835393
79262114769
79168519313
79161504836
79031275051
79091699253
79104047232
79168082815
79854599416
79153454052
79651307718
79213368398
79104231257
79031409620
79169420119
79262763754
79106495998
79252760135
79099454085
79167338647
79036150845
79150942366
79629001306
79529007245
79163627502
79191045955
79204197255
79152596575
79091699253
79096790941
79055021722
79629001306
79152295224
79152295431
79204073797
79032217031
79169889727
79168224967
79166657095
79185703651
79031219620
79161561778
79067391020
79111378835
79091699553
79152212025
79163627502
79030078269
79171457494
79165586629
79262653233
79166651498
79164288221
79653176316
79265948564
79255005401
79168085621
79031064644
79034708444
79167992016
79619788789
79096790941
79037996178
79803430115
79031219620
79651276976
79036776733
79209166820
79055963922
79168084748
79161334553
79169889727
79067869135
79037755143
79168519313
79169490910
79161062927
79166888792
79608866697
79036776733
79853870406
79031219620
79168606036
79161699343
79268969997
79213870389
79091699253
79037826136
79169889727
79151642994
79151642994
79262497217
79213368398
79857831269
79161905894
79803430115
79037962354
79030000092
79166509030
79128283945
79536750528
79151785354
79851879954
79031076335
79160549864
79262809860
79036284602
79099410945
79032485201
79057572993
