79262041997
79163245434
79163911133
79265218262
79037552263
79165055837
79164655358
79262360127
79164901918
79035739391
79031179606
79265587360
79851315041
79057081287
79035775374
79265468287
79104531659
79160895421
79265975454
79160287316
79169355526
79031480608
79264767584
79262630820
79037195199
79037429518
79032485201
79265911485
79262758751
79104356884
79099410945
79032471831
79263816687
79151152880
79104333480
79151537868
79168767857
79262647696
79854199525
79653244443
79165163605
71904027224
79169545286
79165282393
79099827060
79153278687
79265439405
79262379696
79037261725
79163225462
79107507430
79537130565
79164548566
79262721925
79104594077
79035580948
79036796808
79057572993
79265766176
79263574216
79037245671
79037402891
79161600033
79166066141
79037456903
79091188244
79037447955
79263979638
79164382824
79031964491
79165137438
79096371488
79265384947
79031300908
79104421190
79160939814